1 0 0 0 0 0 0 0 0 0
0.000000 0.000000 0.000000 0.000000 0.000000 0.000000 0.000000 0.000000 0.000000 0.000000 0.000000 0.000000 0.000000 0.000000 0.000000 0.000000 0.000000 0.000000 0.000000 0.000000 0.000000 0.000000 0.000000 0.000000 0.000000 0.000000 0.000000 0.000000
0.000000 0.000000 0.000000 0.000000 0.000000 0.000000 0.000000 0.000000 0.000000 0.000000 0.000000 0.000000 0.000000 0.000000 0.000000 0.000000 0.000000 0.000000 0.000000 0.000000 0.000000 0.000000 0.000000 0.000000 0.000000 0.000000 0.000000 0.000000
0.000000 0.000000 0.000000 0.000000 0.000000 0.000000 0.000000 0.000000 0.000000 0.000000 0.000000 0.000000 0.000000 0.000000 0.000000 0.000000 0.000000 0.000000 0.000000 0.000000 0.000000 0.000000 0.000000 0.000000 0.000000 0.000000 0.000000 0.000000
0.000000 0.000000 0.000000 0.000000 0.000000 0.000000 0.000000 0.000000 0.000000 0.000000 0.000000 0.000000 0.000000 0.000000 0.000000 0.000000 0.000000 0.000000 0.000000 0.000000 0.000000 0.000000 0.000000 0.000000 0.000000 0.000000 0.000000 0.000000
0.000000 0.000000 0.000000 0.000000 0.000000 0.000000 0.000000 0.000000 0.000000 0.000000 0.000000 0.000000 0.000000 0.000000 0.000000 0.000000 0.000000 0.000000 0.000000 0.000000 0.000000 0.000000 0.000000 0.000000 0.000000 0.000000 0.000000 0.000000
0.000000 0.000000 0.000000 0.000000 0.000000 0.000000 0.000000 0.000000 0.000000 0.000000 0.000000 0.000000 0.000000 0.000000 0.000000 0.050980 0.023529 0.000000 0.000000 0.000000 0.000000 0.000000 0.000000 0.000000 0.000000 0.000000 0.000000 0.000000
0.000000 0.000000 0.000000 0.000000 0.000000 0.000000 0.000000 0.000000 0.000000 0.000000 0.000000 0.000000 0.039216 0.301961 0.568627 0.992157 0.745098 0.262745 0.000000 0.000000 0.000000 0.000000 0.000000 0.000000 0.000000 0.000000 0.000000 0.000000
0.000000 0.000000 0.000000 0.000000 0.000000 0.000000 0.000000 0.000000 0.000000 0.000000 0.043137 0.301961 0.756863 0.988235 0.988235 0.992157 0.988235 0.933333 0.615686 0.278431 0.101961 0.000000 0.000000 0.000000 0.000000 0.000000 0.000000 0.000000
0.000000 0.000000 0.000000 0.000000 0.000000 0.000000 0.000000 0.000000 0.039216 0.305882 0.756863 0.988235 0.988235 0.988235 0.988235 0.992157 0.988235 0.988235 0.988235 0.988235 0.894118 0.501961 0.192157 0.019608 0.000000 0.000000 0.000000 0.000000
0.000000 0.000000 0.000000 0.000000 0.000000 0.000000 0.023529 0.305882 0.760784 0.988235 0.988235 0.988235 0.988235 0.988235 0.988235 0.992157 0.850980 0.752941 0.909804 0.988235 0.988235 0.988235 0.988235 0.529412 0.011765 0.000000 0.000000 0.000000
0.000000 0.000000 0.000000 0.000000 0.000000 0.015686 0.576471 0.988235 0.988235 0.988235 0.988235 0.988235 0.988235 0.988235 0.988235 0.686275 0.101961 0.000000 0.156863 0.568627 0.921569 0.988235 0.988235 0.988235 0.407843 0.000000 0.000000 0.000000
0.000000 0.000000 0.000000 0.000000 0.000000 0.815686 0.988235 0.988235 0.988235 0.988235 0.988235 0.988235 0.521569 0.188235 0.188235 0.000000 0.000000 0.000000 0.000000 0.000000 0.278431 0.925490 0.988235 0.988235 0.901961 0.000000 0.000000 0.000000
0.000000 0.000000 0.000000 0.000000 0.000000 0.992157 0.725490 0.666667 0.988235 0.988235 0.988235 0.678431 0.086275 0.000000 0.000000 0.000000 0.000000 0.000000 0.000000 0.000000 0.000000 0.400000 0.988235 0.988235 0.988235 0.000000 0.000000 0.000000
0.000000 0.000000 0.000000 0.000000 0.000000 0.094118 0.552941 0.952941 0.988235 0.988235 0.729412 0.019608 0.000000 0.000000 0.000000 0.000000 0.000000 0.000000 0.000000 0.000000 0.000000 0.031373 0.862745 0.988235 0.988235 0.000000 0.000000 0.000000
0.000000 0.000000 0.000000 0.000000 0.000000 0.274510 0.968627 0.988235 0.988235 0.647059 0.145098 0.000000 0.000000 0.000000 0.000000 0.000000 0.000000 0.000000 0.000000 0.000000 0.000000 0.317647 0.984314 0.988235 0.760784 0.000000 0.000000 0.000000
0.000000 0.000000 0.000000 0.000000 0.000000 1.000000 0.992157 0.992157 0.984314 0.270588 0.000000 0.000000 0.000000 0.000000 0.000000 0.000000 0.000000 0.000000 0.000000 0.000000 0.152941 0.905882 0.992157 0.992157 0.498039 0.000000 0.000000 0.000000
0.000000 0.000000 0.000000 0.000000 0.000000 0.992157 0.988235 0.976471 0.498039 0.000000 0.000000 0.000000 0.000000 0.000000 0.000000 0.000000 0.000000 0.000000 0.000000 0.023529 0.576471 0.988235 0.988235 0.745098 0.019608 0.000000 0.000000 0.000000
0.000000 0.000000 0.000000 0.000000 0.000000 0.992157 0.988235 0.847059 0.000000 0.000000 0.000000 0.000000 0.000000 0.000000 0.000000 0.000000 0.000000 0.000000 0.027451 0.568627 0.988235 0.988235 0.988235 0.270588 0.000000 0.000000 0.000000 0.000000
0.000000 0.000000 0.000000 0.000000 0.000000 0.992157 0.988235 0.874510 0.062745 0.000000 0.000000 0.000000 0.000000 0.000000 0.000000 0.000000 0.000000 0.098039 0.725490 0.988235 0.988235 0.988235 0.419608 0.031373 0.000000 0.000000 0.000000 0.000000
0.000000 0.000000 0.000000 0.000000 0.000000 0.654902 0.988235 0.988235 0.709804 0.070588 0.000000 0.000000 0.000000 0.000000 0.000000 0.000000 0.411765 0.749020 0.988235 0.988235 0.921569 0.592157 0.039216 0.000000 0.000000 0.000000 0.000000 0.000000
0.000000 0.000000 0.000000 0.000000 0.000000 0.145098 0.866667 0.988235 0.988235 0.823529 0.756863 0.376471 0.286275 0.509804 0.737255 0.760784 0.890196 0.988235 0.988235 0.921569 0.501961 0.000000 0.000000 0.000000 0.000000 0.000000 0.000000 0.000000
0.000000 0.000000 0.000000 0.000000 0.000000 0.000000 0.380392 0.862745 0.988235 0.988235 0.988235 0.988235 0.988235 0.988235 0.988235 0.992157 0.988235 0.988235 0.925490 0.274510 0.000000 0.000000 0.000000 0.000000 0.000000 0.000000 0.000000 0.000000
0.000000 0.000000 0.000000 0.000000 0.000000 0.000000 0.000000 0.156863 0.682353 0.988235 0.988235 0.988235 0.988235 0.988235 0.988235 0.992157 0.772549 0.541176 0.113725 0.000000 0.000000 0.000000 0.000000 0.000000 0.000000 0.000000 0.000000 0.000000
0.000000 0.000000 0.000000 0.000000 0.000000 0.000000 0.000000 0.000000 0.019608 0.090196 0.454902 0.560784 0.560784 0.560784 0.560784 0.094118 0.039216 0.000000 0.000000 0.000000 0.000000 0.000000 0.000000 0.000000 0.000000 0.000000 0.000000 0.000000
0.000000 0.000000 0.000000 0.000000 0.000000 0.000000 0.000000 0.000000 0.000000 0.000000 0.000000 0.000000 0.000000 0.000000 0.000000 0.000000 0.000000 0.000000 0.000000 0.000000 0.000000 0.000000 0.000000 0.000000 0.000000 0.000000 0.000000 0.000000
0.000000 0.000000 0.000000 0.000000 0.000000 0.000000 0.000000 0.000000 0.000000 0.000000 0.000000 0.000000 0.000000 0.000000 0.000000 0.000000 0.000000 0.000000 0.000000 0.000000 0.000000 0.000000 0.000000 0.000000 0.000000 0.000000 0.000000 0.000000
0.000000 0.000000 0.000000 0.000000 0.000000 0.000000 0.000000 0.000000 0.000000 0.000000 0.000000 0.000000 0.000000 0.000000 0.000000 0.000000 0.000000 0.000000 0.000000 0.000000 0.000000 0.000000 0.000000 0.000000 0.000000 0.000000 0.000000 0.000000
0.000000 0.000000 0.000000 0.000000 0.000000 0.000000 0.000000 0.000000 0.000000 0.000000 0.000000 0.000000 0.000000 0.000000 0.000000 0.000000 0.000000 0.000000 0.000000 0.000000 0.000000 0.000000 0.000000 0.000000 0.000000 0.000000 0.000000 0.000000