1 0 0 0 0 0 0 0 0 0
0.000000 0.000000 0.000000 0.000000 0.000000 0.000000 0.000000 0.000000 0.000000 0.000000 0.000000 0.000000 0.000000 0.000000 0.000000 0.000000 0.000000 0.000000 0.000000 0.000000 0.000000 0.000000 0.000000 0.000000 0.000000 0.000000 0.000000 0.000000
0.000000 0.000000 0.000000 0.000000 0.000000 0.000000 0.000000 0.000000 0.000000 0.000000 0.000000 0.000000 0.000000 0.000000 0.000000 0.000000 0.000000 0.000000 0.000000 0.000000 0.000000 0.000000 0.000000 0.000000 0.000000 0.000000 0.000000 0.000000
0.000000 0.000000 0.000000 0.000000 0.000000 0.000000 0.000000 0.000000 0.000000 0.000000 0.000000 0.000000 0.000000 0.000000 0.000000 0.000000 0.000000 0.000000 0.000000 0.000000 0.000000 0.000000 0.000000 0.000000 0.000000 0.000000 0.000000 0.000000
0.000000 0.000000 0.000000 0.000000 0.000000 0.000000 0.000000 0.000000 0.000000 0.000000 0.000000 0.000000 0.000000 0.000000 0.000000 0.000000 0.000000 0.000000 0.000000 0.000000 0.000000 0.000000 0.000000 0.000000 0.000000 0.000000 0.000000 0.000000
0.000000 0.000000 0.000000 0.000000 0.000000 0.000000 0.000000 0.000000 0.000000 0.000000 0.000000 0.000000 0.086275 0.717647 0.988235 0.996078 0.988235 0.988235 0.988235 0.298039 0.000000 0.000000 0.000000 0.000000 0.000000 0.000000 0.000000 0.000000
0.000000 0.000000 0.000000 0.000000 0.000000 0.000000 0.000000 0.000000 0.000000 0.000000 0.333333 0.333333 0.658824 0.980392 0.980392 0.988235 0.980392 0.980392 0.980392 0.980392 0.278431 0.000000 0.168627 0.333333 0.054902 0.000000 0.000000 0.000000
0.000000 0.000000 0.000000 0.000000 0.000000 0.000000 0.000000 0.000000 0.000000 0.419608 0.988235 0.980392 0.980392 0.980392 0.980392 0.988235 0.980392 0.980392 0.980392 0.980392 0.823529 0.000000 0.498039 0.980392 0.572549 0.000000 0.000000 0.000000
0.000000 0.000000 0.000000 0.000000 0.000000 0.000000 0.000000 0.000000 0.447059 0.929412 0.988235 0.980392 0.980392 0.980392 0.980392 0.988235 0.980392 0.980392 0.980392 0.980392 0.823529 0.000000 0.498039 0.980392 0.980392 0.000000 0.000000 0.000000
0.000000 0.000000 0.000000 0.000000 0.000000 0.000000 0.000000 0.419608 0.929412 0.980392 0.988235 0.980392 0.980392 0.980392 0.290196 0.160784 0.160784 0.160784 0.160784 0.850980 0.133333 0.000000 0.498039 0.980392 0.980392 0.000000 0.000000 0.000000
0.000000 0.000000 0.000000 0.000000 0.000000 0.000000 0.058824 0.580392 0.988235 0.988235 0.996078 0.933333 0.411765 0.000000 0.000000 0.000000 0.000000 0.000000 0.000000 0.000000 0.000000 0.000000 0.501961 0.988235 0.988235 0.000000 0.000000 0.000000
0.000000 0.000000 0.000000 0.000000 0.000000 0.058824 0.549020 0.980392 0.980392 0.980392 0.654902 0.435294 0.000000 0.000000 0.000000 0.000000 0.000000 0.000000 0.000000 0.000000 0.000000 0.000000 0.498039 0.980392 0.980392 0.000000 0.000000 0.000000
0.000000 0.000000 0.000000 0.000000 0.000000 0.168627 0.980392 0.980392 0.980392 0.980392 0.000000 0.000000 0.000000 0.000000 0.000000 0.000000 0.000000 0.000000 0.000000 0.000000 0.000000 0.000000 0.498039 0.980392 0.980392 0.000000 0.000000 0.000000
0.000000 0.000000 0.000000 0.000000 0.000000 0.717647 0.980392 0.980392 0.980392 0.431373 0.000000 0.000000 0.000000 0.000000 0.000000 0.000000 0.000000 0.000000 0.000000 0.000000 0.000000 0.223529 0.823529 0.980392 0.980392 0.000000 0.000000 0.000000
0.000000 0.000000 0.000000 0.000000 0.000000 0.988235 0.980392 0.980392 0.431373 0.027451 0.000000 0.000000 0.000000 0.000000 0.000000 0.000000 0.000000 0.000000 0.000000 0.000000 0.000000 0.333333 0.980392 0.980392 0.980392 0.000000 0.000000 0.000000
0.000000 0.000000 0.000000 0.000000 0.000000 0.996078 0.988235 0.988235 0.325490 0.000000 0.000000 0.000000 0.000000 0.000000 0.000000 0.000000 0.000000 0.000000 0.000000 0.000000 0.000000 0.337255 0.988235 0.988235 0.850980 0.000000 0.000000 0.000000
0.000000 0.000000 0.000000 0.000000 0.000000 0.988235 0.980392 0.980392 0.541176 0.054902 0.000000 0.000000 0.000000 0.000000 0.000000 0.000000 0.000000 0.000000 0.000000 0.000000 0.058824 0.549020 0.980392 0.980392 0.160784 0.000000 0.000000 0.000000
0.000000 0.000000 0.000000 0.000000 0.000000 0.988235 0.980392 0.980392 0.980392 0.160784 0.000000 0.000000 0.000000 0.000000 0.000000 0.000000 0.000000 0.000000 0.000000 0.000000 0.168627 0.980392 0.980392 0.980392 0.160784 0.000000 0.000000 0.000000
0.000000 0.000000 0.000000 0.000000 0.000000 0.988235 0.980392 0.980392 0.980392 0.709804 0.000000 0.000000 0.000000 0.000000 0.000000 0.000000 0.000000 0.000000 0.000000 0.000000 0.717647 0.980392 0.980392 0.980392 0.160784 0.000000 0.000000 0.000000
0.000000 0.000000 0.000000 0.000000 0.000000 0.298039 0.980392 0.980392 0.980392 0.980392 0.000000 0.000000 0.000000 0.000000 0.000000 0.000000 0.000000 0.000000 0.000000 0.694118 0.988235 0.980392 0.980392 0.431373 0.027451 0.000000 0.000000 0.000000
0.000000 0.000000 0.000000 0.000000 0.000000 0.141176 0.878431 0.988235 0.988235 0.988235 0.858824 0.168627 0.168627 0.168627 0.027451 0.000000 0.058824 0.168627 0.717647 0.988235 1.000000 0.988235 0.494118 0.000000 0.000000 0.000000 0.000000 0.000000
0.000000 0.000000 0.000000 0.000000 0.000000 0.000000 0.333333 0.980392 0.980392 0.980392 0.988235 0.980392 0.980392 0.980392 0.435294 0.337255 0.549020 0.980392 0.980392 0.980392 0.988235 0.870588 0.325490 0.000000 0.000000 0.000000 0.000000 0.000000
0.000000 0.000000 0.000000 0.000000 0.000000 0.000000 0.164706 0.737255 0.980392 0.980392 0.988235 0.980392 0.980392 0.980392 0.980392 0.988235 0.980392 0.980392 0.980392 0.980392 0.494118 0.325490 0.000000 0.000000 0.000000 0.000000 0.000000 0.000000
0.000000 0.000000 0.000000 0.000000 0.000000 0.000000 0.000000 0.498039 0.980392 0.980392 0.988235 0.980392 0.980392 0.980392 0.980392 0.988235 0.980392 0.980392 0.537255 0.325490 0.000000 0.000000 0.000000 0.000000 0.000000 0.000000 0.000000 0.000000
0.000000 0.000000 0.000000 0.000000 0.000000 0.000000 0.000000 0.082353 0.160784 0.850980 0.988235 0.980392 0.980392 0.980392 0.980392 0.850980 0.160784 0.160784 0.054902 0.000000 0.000000 0.000000 0.000000 0.000000 0.000000 0.000000 0.000000 0.000000
0.000000 0.000000 0.000000 0.000000 0.000000 0.000000 0.000000 0.000000 0.000000 0.000000 0.000000 0.000000 0.000000 0.000000 0.000000 0.000000 0.000000 0.000000 0.000000 0.000000 0.000000 0.000000 0.000000 0.000000 0.000000 0.000000 0.000000 0.000000
0.000000 0.000000 0.000000 0.000000 0.000000 0.000000 0.000000 0.000000 0.000000 0.000000 0.000000 0.000000 0.000000 0.000000 0.000000 0.000000 0.000000 0.000000 0.000000 0.000000 0.000000 0.000000 0.000000 0.000000 0.000000 0.000000 0.000000 0.000000
0.000000 0.000000 0.000000 0.000000 0.000000 0.000000 0.000000 0.000000 0.000000 0.000000 0.000000 0.000000 0.000000 0.000000 0.000000 0.000000 0.000000 0.000000 0.000000 0.000000 0.000000 0.000000 0.000000 0.000000 0.000000 0.000000 0.000000 0.000000
0.000000 0.000000 0.000000 0.000000 0.000000 0.000000 0.000000 0.000000 0.000000 0.000000 0.000000 0.000000 0.000000 0.000000 0.000000 0.000000 0.000000 0.000000 0.000000 0.000000 0.000000 0.000000 0.000000 0.000000 0.000000 0.000000 0.000000 0.000000