0 0 0 0 0 0 0 0 1 0
0.000000 0.000000 0.000000 0.000000 0.000000 0.000000 0.000000 0.000000 0.000000 0.000000 0.000000 0.000000 0.000000 0.000000 0.000000 0.000000 0.000000 0.000000 0.000000 0.000000 0.000000 0.000000 0.000000 0.000000 0.000000 0.000000 0.000000 0.000000
0.000000 0.000000 0.000000 0.000000 0.000000 0.000000 0.000000 0.000000 0.000000 0.000000 0.000000 0.000000 0.000000 0.000000 0.000000 0.000000 0.000000 0.000000 0.000000 0.000000 0.000000 0.000000 0.000000 0.000000 0.000000 0.000000 0.000000 0.000000
0.000000 0.000000 0.000000 0.000000 0.000000 0.000000 0.000000 0.000000 0.000000 0.000000 0.000000 0.000000 0.000000 0.000000 0.000000 0.000000 0.000000 0.000000 0.000000 0.000000 0.000000 0.000000 0.000000 0.000000 0.000000 0.000000 0.000000 0.000000
0.000000 0.000000 0.000000 0.000000 0.000000 0.000000 0.000000 0.000000 0.000000 0.000000 0.000000 0.000000 0.000000 0.000000 0.000000 0.000000 0.000000 0.000000 0.000000 0.000000 0.000000 0.000000 0.000000 0.000000 0.000000 0.000000 0.000000 0.000000
0.000000 0.000000 0.000000 0.000000 0.000000 0.000000 0.000000 0.000000 0.000000 0.000000 0.000000 0.000000 0.000000 0.000000 0.000000 0.000000 0.000000 0.000000 0.000000 0.000000 0.000000 0.000000 0.000000 0.000000 0.000000 0.000000 0.000000 0.000000
0.000000 0.000000 0.000000 0.000000 0.000000 0.000000 0.000000 0.000000 0.000000 0.000000 0.000000 0.000000 0.000000 0.050980 0.474510 0.745098 1.000000 0.298039 0.000000 0.000000 0.000000 0.211765 0.992157 0.886275 0.000000 0.000000 0.000000 0.000000
0.000000 0.000000 0.000000 0.000000 0.000000 0.000000 0.000000 0.000000 0.000000 0.356863 0.419608 0.419608 0.419608 0.752941 0.988235 0.988235 0.992157 0.968627 0.098039 0.000000 0.000000 0.211765 0.988235 0.984314 0.396078 0.000000 0.000000 0.000000
0.000000 0.000000 0.000000 0.000000 0.000000 0.000000 0.000000 0.352941 0.556863 0.972549 0.988235 0.988235 0.988235 0.988235 0.988235 0.988235 0.992157 0.988235 0.898039 0.603922 0.431373 0.909804 0.988235 0.988235 0.603922 0.000000 0.000000 0.000000
0.000000 0.000000 0.000000 0.000000 0.000000 0.000000 0.000000 0.941176 0.988235 0.988235 0.988235 0.988235 0.988235 0.988235 0.988235 0.988235 0.992157 0.988235 0.988235 0.941176 0.956863 0.988235 0.988235 0.988235 0.933333 0.000000 0.000000 0.000000
0.000000 0.000000 0.000000 0.000000 0.000000 0.000000 0.376471 0.976471 0.988235 0.988235 0.988235 0.988235 0.988235 0.988235 0.988235 0.988235 0.866667 0.976471 0.988235 0.988235 0.988235 0.988235 0.988235 0.988235 0.521569 0.000000 0.000000 0.000000
0.000000 0.000000 0.000000 0.000000 0.000000 0.000000 0.474510 0.988235 0.988235 0.988235 0.988235 0.988235 0.988235 0.800000 0.286275 0.890196 0.239216 0.949020 0.988235 0.988235 0.988235 0.988235 0.988235 0.909804 0.109804 0.000000 0.000000 0.000000
0.000000 0.000000 0.000000 0.000000 0.000000 0.000000 0.474510 0.988235 0.988235 0.988235 0.988235 0.988235 0.960784 0.305882 0.086275 0.521569 0.827451 0.988235 0.988235 0.988235 0.988235 0.988235 0.878431 0.470588 0.000000 0.000000 0.000000 0.000000
0.000000 0.000000 0.000000 0.000000 0.000000 0.000000 0.172549 0.956863 0.988235 0.988235 0.988235 0.988235 0.847059 0.105882 0.815686 0.815686 0.992157 0.988235 0.988235 0.988235 0.988235 0.964706 0.278431 0.000000 0.000000 0.000000 0.000000 0.000000
0.000000 0.000000 0.000000 0.000000 0.000000 0.000000 0.000000 0.941176 0.960784 0.988235 0.988235 0.988235 0.988235 0.768627 0.988235 0.988235 0.992157 0.988235 0.988235 0.988235 0.972549 0.462745 0.000000 0.000000 0.000000 0.000000 0.000000 0.000000
0.000000 0.000000 0.000000 0.000000 0.000000 0.000000 0.000000 0.447059 0.415686 0.988235 0.988235 0.988235 0.988235 0.988235 0.988235 0.988235 0.992157 0.988235 0.988235 0.819608 0.345098 0.000000 0.000000 0.000000 0.000000 0.000000 0.000000 0.000000
0.000000 0.000000 0.000000 0.000000 0.000000 0.000000 0.000000 0.000000 0.368627 0.992157 0.992157 0.992157 0.992157 0.992157 0.992157 0.992157 1.000000 0.992157 0.819608 0.360784 0.000000 0.000000 0.000000 0.000000 0.000000 0.000000 0.000000 0.000000
0.000000 0.000000 0.000000 0.000000 0.000000 0.000000 0.000000 0.000000 0.019608 0.564706 0.988235 0.988235 0.988235 0.988235 0.988235 0.988235 0.992157 0.588235 0.031373 0.000000 0.000000 0.000000 0.000000 0.000000 0.000000 0.000000 0.000000 0.000000
0.000000 0.000000 0.000000 0.000000 0.000000 0.000000 0.000000 0.000000 0.137255 0.698039 0.988235 0.988235 0.988235 0.988235 0.988235 0.988235 0.992157 0.945098 0.419608 0.250980 0.000000 0.000000 0.000000 0.000000 0.000000 0.000000 0.000000 0.000000
0.000000 0.000000 0.000000 0.000000 0.000000 0.000000 0.000000 0.000000 0.368627 0.905882 0.988235 0.988235 0.988235 0.988235 0.988235 0.988235 0.992157 0.988235 0.988235 0.941176 0.176471 0.000000 0.000000 0.000000 0.000000 0.000000 0.000000 0.000000
0.000000 0.000000 0.000000 0.000000 0.000000 0.000000 0.000000 0.000000 0.643137 0.988235 0.988235 0.988235 0.988235 0.988235 0.835294 0.862745 0.992157 0.988235 0.988235 0.988235 0.619608 0.000000 0.000000 0.000000 0.000000 0.000000 0.000000 0.000000
0.000000 0.000000 0.000000 0.000000 0.000000 0.000000 0.000000 0.000000 0.478431 0.988235 0.988235 0.988235 0.988235 0.988235 0.839216 0.866667 0.992157 0.988235 0.988235 0.988235 0.725490 0.000000 0.000000 0.000000 0.000000 0.000000 0.000000 0.000000
0.000000 0.000000 0.000000 0.000000 0.000000 0.000000 0.000000 0.000000 0.529412 0.905882 0.988235 0.988235 0.988235 0.988235 0.988235 0.988235 0.992157 0.988235 0.988235 0.988235 0.725490 0.000000 0.000000 0.000000 0.000000 0.000000 0.000000 0.000000
0.000000 0.000000 0.000000 0.000000 0.000000 0.000000 0.000000 0.000000 0.137255 0.427451 0.988235 0.988235 0.988235 0.988235 0.988235 0.988235 0.992157 0.988235 0.988235 0.952941 0.376471 0.000000 0.000000 0.000000 0.000000 0.000000 0.000000 0.000000
0.000000 0.000000 0.000000 0.000000 0.000000 0.000000 0.000000 0.000000 0.000000 0.513726 0.658824 0.972549 0.988235 0.988235 0.988235 0.988235 0.992157 0.988235 0.474510 0.556863 0.000000 0.000000 0.000000 0.000000 0.000000 0.000000 0.000000 0.000000
0.000000 0.000000 0.000000 0.000000 0.000000 0.000000 0.000000 0.000000 0.000000 0.000000 0.000000 0.349020 0.823529 0.988235 0.709804 0.709804 0.470588 0.741176 0.047059 0.000000 0.000000 0.000000 0.000000 0.000000 0.000000 0.000000 0.000000 0.000000
0.000000 0.000000 0.000000 0.000000 0.000000 0.000000 0.000000 0.000000 0.000000 0.000000 0.000000 0.000000 0.000000 0.000000 0.000000 0.000000 0.000000 0.000000 0.000000 0.000000 0.000000 0.000000 0.000000 0.000000 0.000000 0.000000 0.000000 0.000000
0.000000 0.000000 0.000000 0.000000 0.000000 0.000000 0.000000 0.000000 0.000000 0.000000 0.000000 0.000000 0.000000 0.000000 0.000000 0.000000 0.000000 0.000000 0.000000 0.000000 0.000000 0.000000 0.000000 0.000000 0.000000 0.000000 0.000000 0.000000
0.000000 0.000000 0.000000 0.000000 0.000000 0.000000 0.000000 0.000000 0.000000 0.000000 0.000000 0.000000 0.000000 0.000000 0.000000 0.000000 0.000000 0.000000 0.000000 0.000000 0.000000 0.000000 0.000000 0.000000 0.000000 0.000000 0.000000 0.000000