1 0 0 0 0 0 0 0 0 0
0.000000 0.000000 0.000000 0.000000 0.000000 0.000000 0.000000 0.000000 0.000000 0.000000 0.000000 0.000000 0.000000 0.000000 0.000000 0.000000 0.000000 0.000000 0.000000 0.000000 0.000000 0.000000 0.000000 0.000000 0.000000 0.000000 0.000000 0.000000
0.000000 0.000000 0.000000 0.000000 0.000000 0.000000 0.000000 0.000000 0.000000 0.000000 0.000000 0.000000 0.000000 0.000000 0.000000 0.000000 0.000000 0.000000 0.000000 0.000000 0.000000 0.000000 0.000000 0.000000 0.000000 0.000000 0.000000 0.000000
0.000000 0.000000 0.000000 0.000000 0.000000 0.000000 0.000000 0.000000 0.000000 0.000000 0.000000 0.000000 0.000000 0.000000 0.000000 0.000000 0.000000 0.000000 0.000000 0.000000 0.000000 0.000000 0.000000 0.000000 0.000000 0.000000 0.000000 0.000000
0.000000 0.000000 0.000000 0.000000 0.000000 0.000000 0.000000 0.000000 0.000000 0.000000 0.000000 0.000000 0.000000 0.000000 0.000000 0.000000 0.000000 0.000000 0.000000 0.000000 0.000000 0.000000 0.000000 0.000000 0.000000 0.000000 0.000000 0.000000
0.000000 0.000000 0.000000 0.000000 0.000000 0.000000 0.000000 0.000000 0.000000 0.000000 0.000000 0.000000 0.000000 0.000000 0.000000 0.000000 0.000000 0.000000 0.000000 0.000000 0.000000 0.000000 0.000000 0.000000 0.000000 0.000000 0.000000 0.000000
0.000000 0.000000 0.000000 0.000000 0.000000 0.000000 0.000000 0.000000 0.000000 0.000000 0.000000 0.000000 0.000000 0.000000 0.082353 0.690196 0.992157 0.992157 0.486275 0.000000 0.000000 0.000000 0.000000 0.000000 0.000000 0.000000 0.000000 0.000000
0.000000 0.000000 0.000000 0.000000 0.000000 0.000000 0.000000 0.000000 0.000000 0.000000 0.000000 0.000000 0.000000 0.411765 0.690196 0.984314 0.984314 0.984314 0.984314 0.411765 0.000000 0.000000 0.000000 0.000000 0.000000 0.000000 0.000000 0.000000
0.000000 0.000000 0.000000 0.000000 0.000000 0.000000 0.000000 0.000000 0.000000 0.000000 0.000000 0.227451 0.850980 0.945098 0.992157 0.984314 0.984314 0.984314 0.984314 0.952941 0.443137 0.019608 0.000000 0.000000 0.000000 0.000000 0.000000 0.000000
0.000000 0.000000 0.000000 0.000000 0.000000 0.000000 0.000000 0.000000 0.000000 0.000000 0.247059 0.905882 0.984314 0.984314 0.992157 0.984314 0.984314 0.984314 0.984314 0.992157 0.984314 0.443137 0.000000 0.000000 0.000000 0.000000 0.000000 0.000000
0.000000 0.000000 0.000000 0.000000 0.000000 0.000000 0.000000 0.000000 0.000000 0.000000 0.564706 0.984314 0.984314 0.984314 0.992157 0.984314 0.984314 0.984314 0.984314 0.992157 0.984314 0.843137 0.000000 0.000000 0.000000 0.000000 0.000000 0.000000
0.000000 0.000000 0.000000 0.000000 0.000000 0.000000 0.000000 0.000000 0.000000 0.490196 0.992157 0.992157 0.992157 0.992157 1.000000 0.992157 0.992157 0.992157 0.992157 1.000000 0.992157 0.890196 0.164706 0.000000 0.000000 0.000000 0.000000 0.000000
0.000000 0.000000 0.000000 0.000000 0.000000 0.000000 0.000000 0.000000 0.000000 0.992157 0.984314 0.984314 0.984314 0.984314 0.992157 0.984314 0.984314 0.984314 0.984314 0.992157 0.984314 0.984314 0.556863 0.000000 0.000000 0.000000 0.000000 0.000000
0.000000 0.000000 0.000000 0.000000 0.000000 0.000000 0.000000 0.000000 0.105882 0.992157 0.984314 0.984314 0.921569 0.945098 0.992157 0.984314 0.964706 0.537255 0.137255 0.384314 0.984314 0.984314 0.925490 0.239216 0.000000 0.000000 0.000000 0.000000
0.000000 0.000000 0.000000 0.000000 0.000000 0.000000 0.000000 0.184314 0.827451 0.992157 0.984314 0.921569 0.321569 0.403922 0.992157 0.984314 0.537255 0.000000 0.000000 0.286275 0.984314 0.984314 0.984314 0.278431 0.000000 0.000000 0.000000 0.000000
0.000000 0.000000 0.000000 0.000000 0.000000 0.000000 0.105882 0.827451 0.984314 0.992157 0.984314 0.337255 0.000000 0.000000 0.282353 0.278431 0.039216 0.000000 0.000000 0.286275 0.984314 0.984314 0.678431 0.078431 0.000000 0.000000 0.000000 0.000000
0.000000 0.000000 0.000000 0.000000 0.000000 0.000000 0.349020 0.992157 0.992157 1.000000 0.992157 0.137255 0.000000 0.000000 0.000000 0.000000 0.000000 0.000000 0.000000 0.286275 0.992157 0.992157 0.992157 0.282353 0.000000 0.000000 0.000000 0.000000
0.000000 0.000000 0.000000 0.000000 0.000000 0.329412 0.925490 0.984314 0.984314 0.992157 0.984314 0.541176 0.000000 0.000000 0.000000 0.000000 0.000000 0.000000 0.000000 0.286275 0.984314 0.984314 0.984314 0.278431 0.000000 0.000000 0.000000 0.000000
0.000000 0.000000 0.000000 0.000000 0.247059 0.925490 0.984314 0.984314 0.984314 0.890196 0.984314 0.964706 0.541176 0.043137 0.000000 0.000000 0.000000 0.062745 0.145098 0.894118 0.984314 0.964706 0.537255 0.039216 0.000000 0.000000 0.000000 0.000000
0.000000 0.000000 0.000000 0.000000 0.286275 0.984314 0.984314 0.984314 0.678431 0.164706 0.556863 0.556863 0.556863 0.160784 0.000000 0.000000 0.000000 0.427451 0.984314 0.992157 0.984314 0.537255 0.000000 0.000000 0.000000 0.000000 0.000000 0.000000
0.000000 0.000000 0.000000 0.000000 0.286275 0.984314 0.984314 0.678431 0.078431 0.000000 0.000000 0.000000 0.000000 0.000000 0.000000 0.000000 0.105882 0.827451 0.984314 0.992157 0.576471 0.039216 0.000000 0.000000 0.000000 0.000000 0.000000 0.000000
0.000000 0.000000 0.000000 0.000000 0.286275 0.992157 0.992157 0.560784 0.000000 0.000000 0.000000 0.000000 0.000000 0.000000 0.082353 0.690196 0.992157 0.992157 0.992157 0.000000 0.000000 0.000000 0.000000 0.000000 0.000000 0.000000 0.000000 0.000000
0.000000 0.000000 0.000000 0.000000 0.286275 0.984314 0.984314 0.803922 0.564706 0.000000 0.000000 0.000000 0.000000 0.000000 0.690196 0.984314 0.984314 0.737255 0.419608 0.000000 0.000000 0.000000 0.000000 0.000000 0.000000 0.000000 0.000000 0.000000
0.000000 0.000000 0.000000 0.000000 0.243137 0.925490 0.984314 0.984314 0.984314 0.854902 0.850980 0.850980 0.850980 0.850980 0.992157 0.901961 0.741176 0.078431 0.000000 0.000000 0.000000 0.000000 0.000000 0.000000 0.000000 0.000000 0.000000 0.000000
0.000000 0.000000 0.000000 0.000000 0.000000 0.325490 0.619608 0.984314 0.984314 0.992157 0.984314 0.984314 0.984314 0.984314 0.992157 0.419608 0.000000 0.000000 0.000000 0.000000 0.000000 0.000000 0.000000 0.000000 0.000000 0.000000 0.000000 0.000000
0.000000 0.000000 0.000000 0.000000 0.000000 0.000000 0.145098 0.984314 0.984314 0.992157 0.984314 0.984314 0.984314 0.478431 0.282353 0.117647 0.000000 0.000000 0.000000 0.000000 0.000000 0.000000 0.000000 0.000000 0.000000 0.000000 0.000000 0.000000
0.000000 0.000000 0.000000 0.000000 0.000000 0.000000 0.000000 0.000000 0.000000 0.000000 0.000000 0.000000 0.000000 0.000000 0.000000 0.000000 0.000000 0.000000 0.000000 0.000000 0.000000 0.000000 0.000000 0.000000 0.000000 0.000000 0.000000 0.000000
0.000000 0.000000 0.000000 0.000000 0.000000 0.000000 0.000000 0.000000 0.000000 0.000000 0.000000 0.000000 0.000000 0.000000 0.000000 0.000000 0.000000 0.000000 0.000000 0.000000 0.000000 0.000000 0.000000 0.000000 0.000000 0.000000 0.000000 0.000000
0.000000 0.000000 0.000000 0.000000 0.000000 0.000000 0.000000 0.000000 0.000000 0.000000 0.000000 0.000000 0.000000 0.000000 0.000000 0.000000 0.000000 0.000000 0.000000 0.000000 0.000000 0.000000 0.000000 0.000000 0.000000 0.000000 0.000000 0.000000