1 0 0 0 0 0 0 0 0 0
0.000000 0.000000 0.000000 0.000000 0.000000 0.000000 0.000000 0.000000 0.000000 0.000000 0.000000 0.000000 0.000000 0.000000 0.000000 0.000000 0.000000 0.000000 0.000000 0.000000 0.000000 0.000000 0.000000 0.000000 0.000000 0.000000 0.000000 0.000000
0.000000 0.000000 0.000000 0.000000 0.000000 0.000000 0.000000 0.000000 0.000000 0.000000 0.000000 0.000000 0.000000 0.000000 0.000000 0.000000 0.000000 0.000000 0.000000 0.000000 0.000000 0.000000 0.000000 0.000000 0.000000 0.000000 0.000000 0.000000
0.000000 0.000000 0.000000 0.000000 0.000000 0.000000 0.000000 0.000000 0.000000 0.000000 0.000000 0.000000 0.000000 0.000000 0.000000 0.000000 0.000000 0.000000 0.000000 0.000000 0.000000 0.000000 0.000000 0.000000 0.000000 0.000000 0.000000 0.000000
0.000000 0.000000 0.000000 0.000000 0.000000 0.000000 0.000000 0.000000 0.000000 0.000000 0.000000 0.000000 0.000000 0.000000 0.000000 0.000000 0.000000 0.000000 0.000000 0.000000 0.000000 0.000000 0.000000 0.000000 0.000000 0.000000 0.000000 0.000000
0.000000 0.000000 0.000000 0.000000 0.000000 0.000000 0.000000 0.000000 0.000000 0.000000 0.000000 0.000000 0.000000 0.000000 0.000000 0.000000 0.000000 0.000000 0.000000 0.000000 0.000000 0.000000 0.000000 0.000000 0.000000 0.000000 0.000000 0.000000
0.000000 0.000000 0.000000 0.000000 0.000000 0.000000 0.000000 0.000000 0.000000 0.000000 0.000000 0.000000 0.000000 0.000000 0.000000 0.109804 0.231373 0.231373 0.231373 0.090196 0.000000 0.000000 0.000000 0.000000 0.000000 0.000000 0.000000 0.000000
0.000000 0.000000 0.000000 0.000000 0.000000 0.000000 0.000000 0.000000 0.000000 0.000000 0.000000 0.000000 0.000000 0.000000 0.109804 0.701961 0.984314 0.984314 0.984314 0.654902 0.070588 0.000000 0.000000 0.000000 0.000000 0.000000 0.000000 0.000000
0.000000 0.000000 0.000000 0.000000 0.000000 0.000000 0.000000 0.000000 0.266667 0.686275 0.631373 0.000000 0.000000 0.529412 0.760784 0.984314 0.984314 0.984314 0.984314 0.984314 0.729412 0.474510 0.000000 0.000000 0.000000 0.000000 0.000000 0.000000
0.000000 0.000000 0.000000 0.000000 0.000000 0.000000 0.109804 0.274510 0.941176 0.984314 0.905882 0.000000 0.498039 0.968627 0.992157 0.984314 0.874510 0.972549 0.984314 0.984314 0.984314 0.960784 0.419608 0.000000 0.000000 0.000000 0.000000 0.000000
0.000000 0.000000 0.000000 0.000000 0.000000 0.000000 0.686275 0.984314 0.984314 0.984314 0.905882 0.121569 0.705882 0.984314 0.992157 0.803922 0.184314 0.560784 0.749020 0.984314 0.984314 0.984314 0.450980 0.000000 0.000000 0.000000 0.000000 0.000000
0.000000 0.000000 0.000000 0.000000 0.000000 0.000000 0.686275 0.984314 0.984314 0.984314 0.435294 0.305882 0.984314 0.984314 0.380392 0.203922 0.000000 0.000000 0.145098 0.749020 0.984314 0.984314 0.780392 0.141176 0.000000 0.000000 0.000000 0.000000
0.000000 0.000000 0.000000 0.000000 0.000000 0.392157 0.937255 0.984314 0.984314 0.466667 0.027451 0.360784 0.984314 0.337255 0.000000 0.000000 0.000000 0.000000 0.000000 0.090196 0.858824 0.984314 0.984314 0.870588 0.000000 0.000000 0.000000 0.000000
0.000000 0.000000 0.000000 0.000000 0.074510 0.619608 0.984314 0.984314 0.862745 0.258824 0.078431 0.984314 0.815686 0.152941 0.000000 0.000000 0.000000 0.000000 0.000000 0.000000 0.839216 0.984314 0.984314 0.984314 0.000000 0.000000 0.000000 0.000000
0.000000 0.000000 0.000000 0.000000 0.643137 0.984314 0.984314 0.984314 0.600000 0.000000 0.035294 0.450980 0.207843 0.000000 0.000000 0.000000 0.000000 0.000000 0.000000 0.000000 0.839216 0.984314 0.984314 0.984314 0.000000 0.000000 0.000000 0.000000
0.000000 0.000000 0.000000 0.000000 0.992157 0.984314 0.984314 0.984314 0.600000 0.000000 0.000000 0.000000 0.000000 0.000000 0.000000 0.000000 0.000000 0.000000 0.000000 0.000000 0.839216 0.984314 0.984314 0.984314 0.000000 0.000000 0.000000 0.000000
0.000000 0.000000 0.000000 0.000000 1.000000 0.992157 0.992157 0.992157 0.603922 0.000000 0.000000 0.000000 0.000000 0.000000 0.000000 0.000000 0.000000 0.000000 0.000000 0.145098 0.878431 0.992157 0.992157 0.992157 0.000000 0.000000 0.000000 0.000000
0.000000 0.000000 0.000000 0.000000 0.992157 0.984314 0.984314 0.984314 0.600000 0.000000 0.000000 0.000000 0.000000 0.000000 0.000000 0.000000 0.000000 0.000000 0.000000 0.607843 0.984314 0.984314 0.984314 0.627451 0.000000 0.000000 0.000000 0.000000
0.000000 0.000000 0.000000 0.000000 0.992157 0.984314 0.984314 0.984314 0.600000 0.000000 0.000000 0.000000 0.000000 0.000000 0.000000 0.000000 0.000000 0.000000 0.266667 0.870588 0.984314 0.984314 0.611765 0.070588 0.000000 0.000000 0.000000 0.000000
0.000000 0.000000 0.000000 0.000000 0.282353 0.984314 0.984314 0.984314 0.956863 0.443137 0.141176 0.000000 0.000000 0.000000 0.000000 0.000000 0.109804 0.274510 0.941176 0.984314 0.984314 0.984314 0.450980 0.000000 0.000000 0.000000 0.000000 0.000000
0.000000 0.000000 0.000000 0.000000 0.141176 0.780392 0.984314 0.984314 0.984314 0.984314 0.937255 0.384314 0.384314 0.384314 0.388235 0.384314 0.800000 0.984314 0.984314 0.984314 0.984314 0.862745 0.278431 0.000000 0.000000 0.000000 0.000000 0.000000
0.000000 0.000000 0.000000 0.000000 0.000000 0.176471 0.800000 0.984314 0.984314 0.984314 0.984314 0.984314 0.984314 0.984314 0.992157 0.984314 0.984314 0.984314 0.984314 0.984314 0.937255 0.258824 0.000000 0.000000 0.000000 0.000000 0.000000 0.000000
0.000000 0.000000 0.000000 0.000000 0.000000 0.000000 0.101961 0.854902 0.937255 0.984314 0.984314 0.984314 0.984314 0.984314 0.992157 0.984314 0.984314 0.972549 0.905882 0.905882 0.247059 0.000000 0.000000 0.000000 0.000000 0.000000 0.000000 0.000000
0.000000 0.000000 0.000000 0.000000 0.000000 0.000000 0.000000 0.000000 0.266667 0.678431 0.937255 0.984314 0.815686 0.913725 0.992157 0.984314 0.768627 0.572549 0.000000 0.000000 0.000000 0.000000 0.000000 0.000000 0.000000 0.000000 0.000000 0.000000
0.000000 0.000000 0.000000 0.000000 0.000000 0.000000 0.000000 0.000000 0.000000 0.000000 0.384314 0.450980 0.207843 0.352941 0.454902 0.450980 0.137255 0.000000 0.000000 0.000000 0.000000 0.000000 0.000000 0.000000 0.000000 0.000000 0.000000 0.000000
0.000000 0.000000 0.000000 0.000000 0.000000 0.000000 0.000000 0.000000 0.000000 0.000000 0.000000 0.000000 0.000000 0.000000 0.000000 0.000000 0.000000 0.000000 0.000000 0.000000 0.000000 0.000000 0.000000 0.000000 0.000000 0.000000 0.000000 0.000000
0.000000 0.000000 0.000000 0.000000 0.000000 0.000000 0.000000 0.000000 0.000000 0.000000 0.000000 0.000000 0.000000 0.000000 0.000000 0.000000 0.000000 0.000000 0.000000 0.000000 0.000000 0.000000 0.000000 0.000000 0.000000 0.000000 0.000000 0.000000
0.000000 0.000000 0.000000 0.000000 0.000000 0.000000 0.000000 0.000000 0.000000 0.000000 0.000000 0.000000 0.000000 0.000000 0.000000 0.000000 0.000000 0.000000 0.000000 0.000000 0.000000 0.000000 0.000000 0.000000 0.000000 0.000000 0.000000 0.000000
0.000000 0.000000 0.000000 0.000000 0.000000 0.000000 0.000000 0.000000 0.000000 0.000000 0.000000 0.000000 0.000000 0.000000 0.000000 0.000000 0.000000 0.000000 0.000000 0.000000 0.000000 0.000000 0.000000 0.000000 0.000000 0.000000 0.000000 0.000000