0 0 0 0 0 0 0 0 0 1
0.000000 0.000000 0.000000 0.000000 0.000000 0.000000 0.000000 0.000000 0.000000 0.000000 0.000000 0.000000 0.000000 0.000000 0.000000 0.000000 0.000000 0.000000 0.000000 0.000000 0.000000 0.000000 0.000000 0.000000 0.000000 0.000000 0.000000 0.000000
0.000000 0.000000 0.000000 0.000000 0.000000 0.000000 0.000000 0.000000 0.000000 0.000000 0.000000 0.000000 0.000000 0.000000 0.000000 0.000000 0.000000 0.000000 0.000000 0.000000 0.000000 0.000000 0.000000 0.000000 0.000000 0.000000 0.000000 0.000000
0.000000 0.000000 0.000000 0.000000 0.000000 0.000000 0.000000 0.000000 0.000000 0.000000 0.000000 0.000000 0.000000 0.000000 0.000000 0.000000 0.000000 0.000000 0.000000 0.000000 0.000000 0.000000 0.000000 0.000000 0.000000 0.000000 0.000000 0.000000
0.000000 0.000000 0.000000 0.000000 0.000000 0.000000 0.000000 0.000000 0.000000 0.000000 0.000000 0.000000 0.000000 0.000000 0.000000 0.000000 0.000000 0.000000 0.000000 0.000000 0.000000 0.000000 0.000000 0.000000 0.000000 0.000000 0.000000 0.000000
0.000000 0.000000 0.000000 0.000000 0.000000 0.000000 0.000000 0.000000 0.000000 0.000000 0.000000 0.000000 0.000000 0.000000 0.000000 0.000000 0.000000 0.000000 0.000000 0.000000 0.000000 0.000000 0.000000 0.000000 0.000000 0.000000 0.000000 0.000000
0.000000 0.000000 0.000000 0.000000 0.000000 0.000000 0.000000 0.000000 0.000000 0.000000 0.000000 0.000000 0.000000 0.000000 0.000000 0.000000 0.000000 0.000000 0.000000 0.000000 0.000000 0.000000 0.000000 0.000000 0.000000 0.000000 0.000000 0.000000
0.000000 0.000000 0.000000 0.000000 0.000000 0.000000 0.000000 0.000000 0.000000 0.000000 0.000000 0.000000 0.000000 0.000000 0.000000 0.000000 0.000000 0.000000 0.000000 0.000000 0.000000 0.000000 0.000000 0.000000 0.000000 0.000000 0.000000 0.000000
0.000000 0.000000 0.000000 0.000000 0.000000 0.000000 0.000000 0.000000 0.000000 0.000000 0.000000 0.000000 0.023529 0.356863 0.435294 0.454902 0.819608 0.823529 0.545098 0.050980 0.000000 0.000000 0.000000 0.000000 0.000000 0.000000 0.000000 0.000000
0.000000 0.000000 0.000000 0.000000 0.000000 0.000000 0.000000 0.000000 0.000000 0.000000 0.000000 0.345098 0.850980 0.992157 0.992157 0.992157 0.992157 0.996078 0.992157 0.470588 0.000000 0.000000 0.000000 0.000000 0.000000 0.000000 0.000000 0.000000
0.000000 0.000000 0.000000 0.000000 0.000000 0.000000 0.000000 0.000000 0.000000 0.160784 0.839216 0.964706 0.992157 0.921569 0.525490 0.501961 0.294118 0.949020 0.992157 0.439216 0.031373 0.678431 0.705882 0.000000 0.000000 0.000000 0.000000 0.000000
0.000000 0.000000 0.000000 0.000000 0.000000 0.000000 0.000000 0.000000 0.200000 0.788235 0.992157 0.882353 0.470588 0.062745 0.000000 0.274510 0.890196 0.996078 0.662745 0.235294 0.792157 0.996078 0.992157 0.000000 0.000000 0.000000 0.000000 0.000000
0.000000 0.000000 0.000000 0.000000 0.000000 0.000000 0.000000 0.200000 0.909804 0.992157 0.866667 0.152941 0.000000 0.000000 0.215686 0.972549 0.874510 0.341176 0.235294 0.921569 0.992157 0.996078 0.992157 0.000000 0.000000 0.000000 0.000000 0.000000
0.000000 0.000000 0.000000 0.000000 0.000000 0.000000 0.345098 0.909804 0.992157 0.882353 0.145098 0.000000 0.000000 0.000000 0.066667 0.254902 0.000000 0.337255 0.913725 0.996078 0.996078 0.996078 0.862745 0.000000 0.000000 0.000000 0.000000 0.000000
0.000000 0.000000 0.000000 0.000000 0.000000 0.203922 0.913725 0.992157 0.819608 0.039216 0.000000 0.000000 0.000000 0.000000 0.000000 0.011765 0.525490 0.988235 0.992157 0.933333 0.992157 0.964706 0.356863 0.000000 0.000000 0.000000 0.000000 0.000000
0.000000 0.000000 0.000000 0.000000 0.031373 0.913725 0.996078 0.768627 0.113725 0.000000 0.000000 0.000000 0.000000 0.000000 0.090196 0.717647 0.992157 0.956863 0.349020 0.545098 0.996078 0.815686 0.000000 0.000000 0.000000 0.000000 0.000000 0.000000
0.000000 0.000000 0.000000 0.000000 0.501961 0.992157 0.870588 0.133333 0.000000 0.000000 0.000000 0.000000 0.000000 0.321569 0.835294 0.984314 0.690196 0.062745 0.000000 0.760784 0.992157 0.584314 0.000000 0.000000 0.000000 0.000000 0.000000 0.000000
0.000000 0.000000 0.000000 0.090196 0.894118 0.992157 0.517647 0.000000 0.000000 0.000000 0.000000 0.015686 0.635294 0.956863 0.890196 0.549020 0.000000 0.000000 0.262745 0.980392 0.988235 0.113725 0.000000 0.000000 0.000000 0.000000 0.000000 0.000000
0.000000 0.000000 0.000000 0.552941 0.996078 0.741176 0.050980 0.000000 0.000000 0.000000 0.286275 0.909804 0.992157 0.643137 0.137255 0.000000 0.000000 0.000000 0.705882 0.996078 0.643137 0.000000 0.000000 0.000000 0.000000 0.000000 0.000000 0.000000
0.000000 0.000000 0.000000 1.000000 0.992157 0.349020 0.000000 0.043137 0.262745 0.450980 0.964706 0.992157 0.321569 0.031373 0.000000 0.000000 0.000000 0.000000 0.701961 0.996078 0.639216 0.000000 0.000000 0.000000 0.000000 0.000000 0.000000 0.000000
0.000000 0.000000 0.000000 0.996078 0.992157 0.780392 0.662745 0.890196 0.992157 0.992157 0.949020 0.423529 0.007843 0.000000 0.000000 0.000000 0.000000 0.066667 0.898039 0.992157 0.384314 0.000000 0.000000 0.000000 0.000000 0.000000 0.000000 0.000000
0.000000 0.000000 0.000000 0.764706 0.996078 0.996078 0.996078 0.996078 0.858824 0.505882 0.117647 0.000000 0.000000 0.000000 0.000000 0.000000 0.000000 0.137255 0.992157 0.925490 0.129412 0.000000 0.000000 0.000000 0.000000 0.000000 0.000000 0.000000
0.000000 0.000000 0.000000 0.066667 0.596078 0.290196 0.290196 0.290196 0.027451 0.000000 0.000000 0.000000 0.000000 0.000000 0.000000 0.000000 0.000000 0.611765 0.992157 0.580392 0.000000 0.000000 0.000000 0.000000 0.000000 0.000000 0.000000 0.000000
0.000000 0.000000 0.000000 0.000000 0.000000 0.000000 0.000000 0.000000 0.000000 0.000000 0.000000 0.000000 0.000000 0.000000 0.000000 0.000000 0.000000 0.670588 0.992157 0.470588 0.000000 0.000000 0.000000 0.000000 0.000000 0.000000 0.000000 0.000000
0.000000 0.000000 0.000000 0.000000 0.000000 0.000000 0.000000 0.000000 0.000000 0.000000 0.000000 0.000000 0.000000 0.000000 0.000000 0.000000 0.000000 0.352941 0.992157 0.807843 0.090196 0.000000 0.000000 0.000000 0.000000 0.000000 0.000000 0.000000
0.000000 0.000000 0.000000 0.000000 0.000000 0.000000 0.000000 0.000000 0.000000 0.000000 0.000000 0.000000 0.000000 0.000000 0.000000 0.000000 0.000000 0.043137 0.701961 0.556863 0.011765 0.000000 0.000000 0.000000 0.000000 0.000000 0.000000 0.000000
0.000000 0.000000 0.000000 0.000000 0.000000 0.000000 0.000000 0.000000 0.000000 0.000000 0.000000 0.000000 0.000000 0.000000 0.000000 0.000000 0.000000 0.000000 0.000000 0.000000 0.000000 0.000000 0.000000 0.000000 0.000000 0.000000 0.000000 0.000000
0.000000 0.000000 0.000000 0.000000 0.000000 0.000000 0.000000 0.000000 0.000000 0.000000 0.000000 0.000000 0.000000 0.000000 0.000000 0.000000 0.000000 0.000000 0.000000 0.000000 0.000000 0.000000 0.000000 0.000000 0.000000 0.000000 0.000000 0.000000
0.000000 0.000000 0.000000 0.000000 0.000000 0.000000 0.000000 0.000000 0.000000 0.000000 0.000000 0.000000 0.000000 0.000000 0.000000 0.000000 0.000000 0.000000 0.000000 0.000000 0.000000 0.000000 0.000000 0.000000 0.000000 0.000000 0.000000 0.000000