0 0 1 0 0 0 0 0 0 0
0.000000 0.000000 0.000000 0.000000 0.000000 0.000000 0.000000 0.000000 0.000000 0.000000 0.000000 0.000000 0.000000 0.000000 0.000000 0.000000 0.000000 0.000000 0.000000 0.000000 0.000000 0.000000 0.000000 0.000000 0.000000 0.000000 0.000000 0.000000
0.000000 0.000000 0.000000 0.000000 0.000000 0.000000 0.000000 0.000000 0.000000 0.000000 0.000000 0.000000 0.000000 0.000000 0.000000 0.000000 0.000000 0.000000 0.000000 0.000000 0.000000 0.000000 0.000000 0.000000 0.000000 0.000000 0.000000 0.000000
0.000000 0.000000 0.000000 0.000000 0.000000 0.000000 0.000000 0.000000 0.000000 0.000000 0.000000 0.000000 0.000000 0.000000 0.000000 0.000000 0.000000 0.000000 0.000000 0.000000 0.000000 0.000000 0.000000 0.000000 0.000000 0.000000 0.000000 0.000000
0.000000 0.000000 0.000000 0.000000 0.000000 0.000000 0.000000 0.000000 0.000000 0.000000 0.000000 0.000000 0.000000 0.266667 0.996078 0.996078 0.996078 1.000000 0.662745 0.274510 0.000000 0.000000 0.000000 0.000000 0.000000 0.000000 0.000000 0.000000
0.000000 0.000000 0.000000 0.000000 0.000000 0.000000 0.000000 0.000000 0.000000 0.000000 0.058824 0.066667 0.274510 0.901961 0.992157 0.992157 0.992157 0.992157 0.992157 0.780392 0.027451 0.000000 0.000000 0.000000 0.000000 0.000000 0.000000 0.000000
0.000000 0.000000 0.000000 0.000000 0.000000 0.000000 0.000000 0.000000 0.000000 0.235294 0.941176 0.992157 0.992157 0.992157 0.992157 0.992157 0.992157 0.992157 0.992157 0.992157 0.654902 0.027451 0.000000 0.000000 0.000000 0.000000 0.000000 0.000000
0.000000 0.000000 0.000000 0.000000 0.000000 0.000000 0.000000 0.000000 0.000000 0.545098 0.992157 0.992157 0.243137 0.635294 0.219608 0.219608 0.219608 0.760784 0.992157 0.992157 0.992157 0.058824 0.000000 0.000000 0.000000 0.000000 0.000000 0.000000
0.000000 0.000000 0.000000 0.000000 0.000000 0.000000 0.000000 0.000000 0.000000 0.545098 0.552941 0.505882 0.015686 0.000000 0.000000 0.000000 0.000000 0.164706 0.992157 0.992157 0.992157 0.058824 0.000000 0.000000 0.000000 0.000000 0.000000 0.000000
0.000000 0.000000 0.000000 0.000000 0.000000 0.000000 0.000000 0.000000 0.000000 0.086275 0.015686 0.000000 0.000000 0.000000 0.000000 0.000000 0.000000 0.164706 0.992157 0.992157 0.992157 0.184314 0.000000 0.000000 0.000000 0.000000 0.000000 0.000000
0.000000 0.000000 0.000000 0.000000 0.000000 0.000000 0.000000 0.000000 0.000000 0.000000 0.000000 0.000000 0.000000 0.000000 0.000000 0.000000 0.000000 0.164706 0.992157 0.992157 0.992157 0.701961 0.000000 0.000000 0.000000 0.000000 0.000000 0.000000
0.000000 0.000000 0.000000 0.000000 0.000000 0.000000 0.000000 0.000000 0.000000 0.000000 0.000000 0.000000 0.000000 0.000000 0.000000 0.000000 0.000000 0.164706 0.992157 0.992157 0.992157 0.701961 0.000000 0.000000 0.000000 0.000000 0.000000 0.000000
0.000000 0.000000 0.000000 0.000000 0.000000 0.000000 0.000000 0.000000 0.000000 0.000000 0.000000 0.000000 0.000000 0.000000 0.000000 0.000000 0.000000 0.164706 0.992157 0.992157 0.992157 0.305882 0.000000 0.000000 0.000000 0.000000 0.000000 0.000000
0.000000 0.000000 0.000000 0.000000 0.000000 0.000000 0.000000 0.000000 0.000000 0.000000 0.000000 0.000000 0.000000 0.000000 0.000000 0.000000 0.000000 0.788235 0.992157 0.992157 0.992157 0.058824 0.000000 0.000000 0.000000 0.000000 0.000000 0.000000
0.000000 0.000000 0.000000 0.000000 0.000000 0.000000 0.000000 0.000000 0.000000 0.000000 0.000000 0.023529 0.003922 0.000000 0.000000 0.003922 0.329412 0.933333 0.992157 0.984314 0.580392 0.019608 0.000000 0.000000 0.000000 0.000000 0.000000 0.000000
0.000000 0.000000 0.000000 0.000000 0.000000 0.000000 0.050980 0.388235 0.388235 0.388235 0.388235 0.760784 0.403922 0.376471 0.000000 0.098039 0.992157 0.992157 0.992157 0.764706 0.000000 0.000000 0.000000 0.000000 0.000000 0.000000 0.000000 0.000000
0.000000 0.000000 0.000000 0.000000 0.000000 0.043137 0.631373 0.992157 0.992157 0.992157 0.929412 0.992157 0.992157 0.984314 0.741176 0.764706 0.992157 0.992157 0.992157 0.701961 0.000000 0.000000 0.000000 0.000000 0.000000 0.000000 0.000000 0.000000
0.000000 0.000000 0.000000 0.000000 0.325490 0.678431 0.992157 0.992157 0.901961 0.541176 0.192157 0.541176 0.980392 0.992157 0.992157 0.992157 0.992157 0.992157 0.992157 0.125490 0.000000 0.000000 0.000000 0.000000 0.000000 0.000000 0.000000 0.000000
0.000000 0.000000 0.000000 0.290196 0.937255 0.992157 0.368627 0.188235 0.152941 0.000000 0.000000 0.000000 0.235294 0.788235 0.992157 0.992157 0.992157 0.992157 0.992157 0.125490 0.000000 0.000000 0.000000 0.000000 0.000000 0.000000 0.000000 0.000000
0.000000 0.000000 0.000000 0.356863 0.992157 0.772549 0.105882 0.000000 0.000000 0.000000 0.000000 0.000000 0.654902 0.992157 0.992157 0.992157 0.992157 0.992157 0.992157 0.458824 0.000000 0.000000 0.000000 0.000000 0.000000 0.000000 0.000000 0.000000
0.000000 0.000000 0.000000 0.356863 0.992157 0.666667 0.227451 0.117647 0.000000 0.000000 0.207843 0.623529 0.988235 0.992157 0.992157 0.823529 0.866667 0.992157 0.992157 0.964706 0.364706 0.000000 0.000000 0.000000 0.000000 0.000000 0.000000 0.000000
0.000000 0.000000 0.000000 0.356863 0.992157 0.992157 0.992157 0.792157 0.580392 0.580392 0.952941 0.992157 0.992157 0.972549 0.415686 0.105882 0.188235 0.882353 0.992157 0.992157 0.749020 0.035294 0.000000 0.000000 0.000000 0.000000 0.000000 0.000000
0.000000 0.000000 0.000000 0.356863 0.992157 0.992157 0.992157 0.992157 0.992157 0.992157 0.992157 0.992157 0.709804 0.678431 0.000000 0.000000 0.000000 0.615686 0.992157 0.992157 0.823529 0.043137 0.000000 0.000000 0.000000 0.000000 0.000000 0.000000
0.000000 0.000000 0.000000 0.125490 0.807843 0.992157 0.992157 0.992157 0.992157 0.992157 0.823529 0.349020 0.011765 0.000000 0.000000 0.000000 0.000000 0.058824 0.682353 0.843137 0.145098 0.000000 0.000000 0.000000 0.000000 0.000000 0.000000 0.000000
0.000000 0.000000 0.000000 0.000000 0.000000 0.000000 0.000000 0.000000 0.000000 0.000000 0.000000 0.000000 0.000000 0.000000 0.000000 0.000000 0.000000 0.000000 0.000000 0.000000 0.000000 0.000000 0.000000 0.000000 0.000000 0.000000 0.000000 0.000000
0.000000 0.000000 0.000000 0.000000 0.000000 0.000000 0.000000 0.000000 0.000000 0.000000 0.000000 0.000000 0.000000 0.000000 0.000000 0.000000 0.000000 0.000000 0.000000 0.000000 0.000000 0.000000 0.000000 0.000000 0.000000 0.000000 0.000000 0.000000
0.000000 0.000000 0.000000 0.000000 0.000000 0.000000 0.000000 0.000000 0.000000 0.000000 0.000000 0.000000 0.000000 0.000000 0.000000 0.000000 0.000000 0.000000 0.000000 0.000000 0.000000 0.000000 0.000000 0.000000 0.000000 0.000000 0.000000 0.000000
0.000000 0.000000 0.000000 0.000000 0.000000 0.000000 0.000000 0.000000 0.000000 0.000000 0.000000 0.000000 0.000000 0.000000 0.000000 0.000000 0.000000 0.000000 0.000000 0.000000 0.000000 0.000000 0.000000 0.000000 0.000000 0.000000 0.000000 0.000000
0.000000 0.000000 0.000000 0.000000 0.000000 0.000000 0.000000 0.000000 0.000000 0.000000 0.000000 0.000000 0.000000 0.000000 0.000000 0.000000 0.000000 0.000000 0.000000 0.000000 0.000000 0.000000 0.000000 0.000000 0.000000 0.000000 0.000000 0.000000