1 0 0 0 0 0 0 0 0 0
0.000000 0.000000 0.000000 0.000000 0.000000 0.000000 0.000000 0.000000 0.000000 0.000000 0.000000 0.000000 0.000000 0.000000 0.000000 0.000000 0.000000 0.000000 0.000000 0.000000 0.000000 0.000000 0.000000 0.000000 0.000000 0.000000 0.000000 0.000000
0.000000 0.000000 0.000000 0.000000 0.000000 0.000000 0.000000 0.000000 0.000000 0.000000 0.000000 0.000000 0.000000 0.000000 0.000000 0.000000 0.000000 0.000000 0.000000 0.000000 0.000000 0.000000 0.000000 0.000000 0.000000 0.000000 0.000000 0.000000
0.000000 0.000000 0.000000 0.000000 0.000000 0.000000 0.000000 0.000000 0.000000 0.000000 0.000000 0.000000 0.000000 0.000000 0.000000 0.000000 0.000000 0.000000 0.000000 0.000000 0.000000 0.000000 0.000000 0.000000 0.000000 0.000000 0.000000 0.000000
0.000000 0.000000 0.000000 0.000000 0.000000 0.000000 0.000000 0.000000 0.000000 0.000000 0.000000 0.000000 0.000000 0.000000 0.000000 0.000000 0.000000 0.000000 0.000000 0.000000 0.000000 0.000000 0.000000 0.000000 0.000000 0.000000 0.000000 0.000000
0.000000 0.000000 0.000000 0.000000 0.000000 0.000000 0.000000 0.000000 0.000000 0.000000 0.000000 0.000000 0.000000 0.000000 0.000000 0.000000 0.000000 0.000000 0.000000 0.000000 0.000000 0.000000 0.000000 0.000000 0.000000 0.000000 0.000000 0.000000
0.000000 0.000000 0.000000 0.000000 0.000000 0.000000 0.000000 0.000000 0.000000 0.000000 0.000000 0.000000 0.000000 0.000000 0.000000 0.000000 0.000000 0.000000 0.000000 0.000000 0.294118 0.466667 0.000000 0.000000 0.000000 0.000000 0.000000 0.000000
0.000000 0.000000 0.000000 0.000000 0.000000 0.000000 0.000000 0.000000 0.000000 0.000000 0.000000 0.000000 0.000000 0.121569 0.466667 0.568627 0.619608 0.156863 0.062745 0.466667 0.780392 0.996078 0.976471 0.478431 0.000000 0.000000 0.000000 0.000000
0.000000 0.000000 0.000000 0.000000 0.000000 0.000000 0.000000 0.000000 0.000000 0.000000 0.000000 0.000000 0.352941 0.847059 0.996078 0.996078 0.996078 0.968627 0.890196 0.800000 0.996078 0.996078 0.988235 0.274510 0.000000 0.000000 0.000000 0.000000
0.000000 0.000000 0.000000 0.000000 0.000000 0.000000 0.000000 0.000000 0.000000 0.000000 0.000000 0.501961 0.984314 0.996078 0.996078 0.996078 0.996078 0.996078 0.996078 0.996078 0.733333 0.996078 0.996078 0.450980 0.000000 0.000000 0.000000 0.000000
0.000000 0.000000 0.000000 0.000000 0.000000 0.000000 0.000000 0.000000 0.000000 0.141176 0.556863 0.980392 0.996078 0.996078 0.709804 0.505882 0.458824 0.670588 0.996078 0.956863 0.839216 0.996078 0.996078 0.749020 0.000000 0.000000 0.000000 0.000000
0.000000 0.000000 0.000000 0.000000 0.000000 0.000000 0.000000 0.000000 0.000000 0.545098 0.996078 0.996078 0.996078 0.717647 0.164706 0.000000 0.000000 0.019608 0.125490 0.380392 0.329412 0.996078 0.996078 0.749020 0.000000 0.000000 0.000000 0.000000
0.000000 0.000000 0.000000 0.000000 0.000000 0.000000 0.000000 0.000000 0.305882 0.917647 0.996078 0.996078 0.729412 0.152941 0.000000 0.000000 0.000000 0.000000 0.000000 0.000000 0.329412 0.996078 0.996078 0.749020 0.000000 0.000000 0.000000 0.000000
0.000000 0.000000 0.000000 0.000000 0.000000 0.000000 0.000000 0.129412 0.662745 0.996078 0.996078 0.584314 0.035294 0.000000 0.000000 0.000000 0.000000 0.000000 0.000000 0.035294 0.454902 0.996078 0.988235 0.600000 0.000000 0.000000 0.000000 0.000000
0.000000 0.000000 0.000000 0.000000 0.000000 0.000000 0.125490 0.576471 0.996078 0.996078 0.901961 0.392157 0.000000 0.000000 0.000000 0.000000 0.000000 0.000000 0.000000 0.050980 0.788235 0.996078 0.984314 0.250980 0.000000 0.000000 0.000000 0.000000
0.000000 0.000000 0.000000 0.000000 0.000000 0.000000 0.349020 0.960784 0.996078 0.905882 0.231373 0.000000 0.000000 0.000000 0.000000 0.000000 0.000000 0.000000 0.035294 0.337255 1.000000 0.984314 0.721569 0.000000 0.000000 0.000000 0.000000 0.000000
0.000000 0.000000 0.000000 0.000000 0.000000 0.227451 0.960784 0.996078 0.996078 0.517647 0.000000 0.000000 0.000000 0.000000 0.000000 0.000000 0.000000 0.000000 0.250980 0.996078 0.996078 0.972549 0.239216 0.000000 0.000000 0.000000 0.000000 0.000000
0.000000 0.000000 0.000000 0.000000 0.101961 0.717647 0.996078 0.996078 0.611765 0.035294 0.000000 0.000000 0.000000 0.000000 0.000000 0.000000 0.000000 0.219608 0.898039 0.996078 0.980392 0.749020 0.000000 0.000000 0.000000 0.000000 0.000000 0.000000
0.000000 0.000000 0.000000 0.000000 0.333333 0.988235 0.996078 0.925490 0.349020 0.000000 0.000000 0.000000 0.000000 0.000000 0.000000 0.039216 0.184314 0.729412 0.996078 0.980392 0.752941 0.000000 0.000000 0.000000 0.000000 0.000000 0.000000 0.000000
0.000000 0.000000 0.000000 0.000000 0.737255 0.996078 0.996078 0.800000 0.050980 0.000000 0.000000 0.000000 0.000000 0.000000 0.117647 0.592157 0.996078 0.996078 0.976471 0.756863 0.000000 0.000000 0.000000 0.000000 0.000000 0.000000 0.000000 0.000000
0.000000 0.000000 0.000000 0.000000 0.737255 0.996078 0.996078 0.800000 0.050980 0.000000 0.047059 0.129412 0.129412 0.525490 0.909804 0.996078 0.996078 0.909804 0.756863 0.000000 0.000000 0.000000 0.000000 0.000000 0.000000 0.000000 0.000000 0.000000
0.000000 0.000000 0.000000 0.000000 0.737255 1.000000 0.996078 0.839216 0.156863 0.290196 0.745098 0.996078 0.996078 1.000000 0.996078 0.996078 0.925490 0.560784 0.000000 0.000000 0.000000 0.000000 0.000000 0.000000 0.000000 0.000000 0.000000 0.000000
0.000000 0.000000 0.000000 0.000000 0.698039 1.000000 0.996078 0.996078 0.996078 0.996078 0.996078 0.996078 0.996078 1.000000 0.941176 0.815686 0.125490 0.000000 0.000000 0.000000 0.000000 0.000000 0.000000 0.000000 0.000000 0.000000 0.000000 0.000000
0.000000 0.000000 0.000000 0.000000 0.215686 0.694118 0.996078 0.996078 0.996078 0.996078 0.996078 0.956863 0.945098 0.811765 0.109804 0.000000 0.000000 0.000000 0.000000 0.000000 0.000000 0.000000 0.000000 0.000000 0.000000 0.000000 0.000000 0.000000
0.000000 0.000000 0.000000 0.000000 0.000000 0.215686 0.458824 0.933333 0.972549 0.972549 0.533333 0.082353 0.000000 0.000000 0.000000 0.000000 0.000000 0.000000 0.000000 0.000000 0.000000 0.000000 0.000000 0.000000 0.000000 0.000000 0.000000 0.000000
0.000000 0.000000 0.000000 0.000000 0.000000 0.000000 0.000000 0.000000 0.000000 0.000000 0.000000 0.000000 0.000000 0.000000 0.000000 0.000000 0.000000 0.000000 0.000000 0.000000 0.000000 0.000000 0.000000 0.000000 0.000000 0.000000 0.000000 0.000000
0.000000 0.000000 0.000000 0.000000 0.000000 0.000000 0.000000 0.000000 0.000000 0.000000 0.000000 0.000000 0.000000 0.000000 0.000000 0.000000 0.000000 0.000000 0.000000 0.000000 0.000000 0.000000 0.000000 0.000000 0.000000 0.000000 0.000000 0.000000
0.000000 0.000000 0.000000 0.000000 0.000000 0.000000 0.000000 0.000000 0.000000 0.000000 0.000000 0.000000 0.000000 0.000000 0.000000 0.000000 0.000000 0.000000 0.000000 0.000000 0.000000 0.000000 0.000000 0.000000 0.000000 0.000000 0.000000 0.000000
0.000000 0.000000 0.000000 0.000000 0.000000 0.000000 0.000000 0.000000 0.000000 0.000000 0.000000 0.000000 0.000000 0.000000 0.000000 0.000000 0.000000 0.000000 0.000000 0.000000 0.000000 0.000000 0.000000 0.000000 0.000000 0.000000 0.000000 0.000000