1 0 0 0 0 0 0 0 0 0
0.000000 0.000000 0.000000 0.000000 0.000000 0.000000 0.000000 0.000000 0.000000 0.000000 0.000000 0.000000 0.000000 0.000000 0.000000 0.000000 0.000000 0.000000 0.000000 0.000000 0.000000 0.000000 0.000000 0.000000 0.000000 0.000000 0.000000 0.000000
0.000000 0.000000 0.000000 0.000000 0.000000 0.000000 0.000000 0.000000 0.000000 0.000000 0.000000 0.000000 0.000000 0.000000 0.000000 0.000000 0.000000 0.000000 0.000000 0.000000 0.000000 0.000000 0.000000 0.000000 0.000000 0.000000 0.000000 0.000000
0.000000 0.000000 0.000000 0.000000 0.000000 0.000000 0.000000 0.000000 0.000000 0.000000 0.000000 0.000000 0.000000 0.000000 0.000000 0.000000 0.000000 0.000000 0.000000 0.000000 0.000000 0.000000 0.000000 0.000000 0.000000 0.000000 0.000000 0.000000
0.000000 0.000000 0.000000 0.000000 0.000000 0.000000 0.000000 0.000000 0.000000 0.000000 0.000000 0.000000 0.000000 0.000000 0.000000 0.000000 0.000000 0.000000 0.000000 0.000000 0.000000 0.000000 0.000000 0.000000 0.000000 0.000000 0.000000 0.000000
0.000000 0.000000 0.000000 0.000000 0.000000 0.000000 0.000000 0.000000 0.000000 0.000000 0.000000 0.000000 0.074510 0.643137 0.992157 1.000000 0.992157 0.462745 0.231373 0.141176 0.000000 0.000000 0.000000 0.000000 0.000000 0.000000 0.000000 0.000000
0.000000 0.000000 0.000000 0.000000 0.000000 0.000000 0.000000 0.000000 0.000000 0.000000 0.000000 0.000000 0.305882 0.984314 0.984314 0.992157 0.984314 0.984314 0.984314 0.780392 0.176471 0.000000 0.000000 0.000000 0.000000 0.000000 0.000000 0.000000
0.000000 0.000000 0.000000 0.000000 0.000000 0.000000 0.000000 0.000000 0.000000 0.000000 0.000000 0.054902 0.776471 0.984314 0.984314 0.992157 0.984314 0.984314 0.984314 0.984314 0.800000 0.101961 0.000000 0.000000 0.000000 0.000000 0.000000 0.000000
0.000000 0.000000 0.000000 0.000000 0.000000 0.000000 0.000000 0.000000 0.000000 0.000000 0.000000 0.019608 0.458824 0.984314 0.984314 0.952941 0.831373 0.937255 0.984314 0.984314 0.984314 0.854902 0.000000 0.000000 0.000000 0.000000 0.000000 0.000000
0.000000 0.000000 0.000000 0.000000 0.000000 0.000000 0.000000 0.000000 0.000000 0.000000 0.000000 0.372549 0.984314 0.984314 0.984314 0.470588 0.000000 0.686275 0.984314 0.984314 0.984314 0.905882 0.000000 0.000000 0.000000 0.000000 0.000000 0.000000
0.000000 0.000000 0.000000 0.000000 0.000000 0.000000 0.000000 0.000000 0.000000 0.000000 0.380392 0.929412 0.984314 0.984314 0.984314 0.000000 0.000000 0.262745 0.941176 0.984314 0.984314 0.952941 0.423529 0.000000 0.000000 0.000000 0.000000 0.000000
0.000000 0.000000 0.000000 0.000000 0.000000 0.000000 0.000000 0.000000 0.000000 0.031373 0.639216 0.984314 0.984314 0.941176 0.317647 0.000000 0.000000 0.000000 0.266667 0.984314 0.984314 0.984314 0.701961 0.035294 0.000000 0.000000 0.000000 0.000000
0.000000 0.000000 0.000000 0.000000 0.000000 0.000000 0.000000 0.000000 0.050980 0.568627 0.984314 0.984314 0.886275 0.313726 0.000000 0.000000 0.000000 0.000000 0.152941 0.984314 0.984314 0.984314 0.984314 0.450980 0.000000 0.000000 0.000000 0.000000
0.000000 0.000000 0.000000 0.000000 0.000000 0.000000 0.000000 0.000000 0.564706 0.984314 0.984314 0.984314 0.678431 0.000000 0.000000 0.000000 0.000000 0.000000 0.070588 0.654902 0.984314 0.984314 0.984314 0.450980 0.000000 0.000000 0.000000 0.000000
0.000000 0.000000 0.000000 0.000000 0.000000 0.000000 0.000000 0.000000 0.913725 0.984314 0.984314 0.984314 0.678431 0.000000 0.000000 0.000000 0.000000 0.000000 0.000000 0.384314 0.984314 0.984314 0.984314 0.450980 0.000000 0.000000 0.000000 0.000000
0.000000 0.000000 0.000000 0.000000 0.000000 0.000000 0.000000 0.690196 0.992157 0.992157 0.847059 0.701961 0.000000 0.000000 0.000000 0.000000 0.000000 0.000000 0.000000 0.388235 0.992157 0.992157 0.992157 0.454902 0.000000 0.000000 0.000000 0.000000
0.000000 0.000000 0.000000 0.000000 0.000000 0.000000 0.215686 0.823529 0.984314 0.984314 0.376471 0.000000 0.000000 0.000000 0.000000 0.000000 0.000000 0.000000 0.000000 0.384314 0.984314 0.984314 0.839216 0.243137 0.000000 0.000000 0.000000 0.000000
0.000000 0.000000 0.000000 0.000000 0.000000 0.000000 0.458824 0.984314 0.984314 0.984314 0.376471 0.000000 0.000000 0.000000 0.000000 0.000000 0.000000 0.000000 0.109804 0.800000 0.984314 0.929412 0.207843 0.000000 0.000000 0.000000 0.000000 0.000000
0.000000 0.000000 0.000000 0.000000 0.000000 0.215686 0.945098 0.984314 0.984314 0.627451 0.027451 0.000000 0.000000 0.000000 0.000000 0.000000 0.000000 0.109804 0.870588 0.984314 0.984314 0.905882 0.000000 0.000000 0.000000 0.000000 0.000000 0.000000
0.000000 0.000000 0.000000 0.000000 0.000000 0.231373 0.984314 0.984314 0.984314 0.600000 0.000000 0.000000 0.000000 0.000000 0.000000 0.090196 0.384314 0.800000 0.984314 0.984314 0.984314 0.611765 0.000000 0.000000 0.000000 0.000000 0.000000 0.000000
0.000000 0.000000 0.000000 0.000000 0.000000 0.231373 0.984314 0.984314 0.984314 0.600000 0.000000 0.000000 0.000000 0.333333 0.607843 0.701961 0.984314 0.984314 0.984314 0.984314 0.603922 0.058824 0.000000 0.000000 0.000000 0.000000 0.000000 0.000000
0.000000 0.000000 0.000000 0.000000 0.000000 0.231373 0.984314 0.984314 0.984314 0.925490 0.839216 0.839216 0.839216 0.917647 0.984314 0.992157 0.984314 0.984314 0.972549 0.611765 0.058824 0.000000 0.000000 0.000000 0.000000 0.000000 0.000000 0.000000
0.000000 0.000000 0.000000 0.000000 0.000000 0.160784 0.819608 0.984314 0.984314 0.984314 0.984314 0.984314 0.984314 0.984314 0.984314 0.992157 0.984314 0.768627 0.572549 0.000000 0.000000 0.000000 0.000000 0.000000 0.000000 0.000000 0.000000 0.000000
0.000000 0.000000 0.000000 0.000000 0.000000 0.000000 0.211765 0.450980 0.945098 0.984314 0.984314 0.984314 0.984314 0.984314 0.984314 0.992157 0.733333 0.137255 0.000000 0.000000 0.000000 0.000000 0.000000 0.000000 0.000000 0.000000 0.000000 0.000000
0.000000 0.000000 0.000000 0.000000 0.000000 0.000000 0.000000 0.000000 0.325490 0.984314 0.984314 0.984314 0.984314 0.984314 0.396078 0.223529 0.121569 0.000000 0.000000 0.000000 0.000000 0.000000 0.000000 0.000000 0.000000 0.000000 0.000000 0.000000
0.000000 0.000000 0.000000 0.000000 0.000000 0.000000 0.000000 0.000000 0.000000 0.000000 0.000000 0.000000 0.000000 0.000000 0.000000 0.000000 0.000000 0.000000 0.000000 0.000000 0.000000 0.000000 0.000000 0.000000 0.000000 0.000000 0.000000 0.000000
0.000000 0.000000 0.000000 0.000000 0.000000 0.000000 0.000000 0.000000 0.000000 0.000000 0.000000 0.000000 0.000000 0.000000 0.000000 0.000000 0.000000 0.000000 0.000000 0.000000 0.000000 0.000000 0.000000 0.000000 0.000000 0.000000 0.000000 0.000000
0.000000 0.000000 0.000000 0.000000 0.000000 0.000000 0.000000 0.000000 0.000000 0.000000 0.000000 0.000000 0.000000 0.000000 0.000000 0.000000 0.000000 0.000000 0.000000 0.000000 0.000000 0.000000 0.000000 0.000000 0.000000 0.000000 0.000000 0.000000
0.000000 0.000000 0.000000 0.000000 0.000000 0.000000 0.000000 0.000000 0.000000 0.000000 0.000000 0.000000 0.000000 0.000000 0.000000 0.000000 0.000000 0.000000 0.000000 0.000000 0.000000 0.000000 0.000000 0.000000 0.000000 0.000000 0.000000 0.000000