1 0 0 0 0 0 0 0 0 0
0.000000 0.000000 0.000000 0.000000 0.000000 0.000000 0.000000 0.000000 0.000000 0.000000 0.000000 0.000000 0.000000 0.000000 0.000000 0.000000 0.000000 0.000000 0.000000 0.000000 0.000000 0.000000 0.000000 0.000000 0.000000 0.000000 0.000000 0.000000
0.000000 0.000000 0.000000 0.000000 0.000000 0.000000 0.000000 0.000000 0.000000 0.000000 0.000000 0.000000 0.000000 0.000000 0.000000 0.000000 0.000000 0.000000 0.000000 0.000000 0.000000 0.000000 0.000000 0.000000 0.000000 0.000000 0.000000 0.000000
0.000000 0.000000 0.000000 0.000000 0.000000 0.000000 0.000000 0.000000 0.000000 0.000000 0.000000 0.000000 0.000000 0.000000 0.000000 0.000000 0.000000 0.000000 0.000000 0.000000 0.000000 0.000000 0.000000 0.000000 0.000000 0.000000 0.000000 0.000000
0.000000 0.000000 0.000000 0.000000 0.000000 0.000000 0.000000 0.000000 0.000000 0.000000 0.000000 0.000000 0.000000 0.000000 0.000000 0.000000 0.000000 0.000000 0.000000 0.000000 0.000000 0.000000 0.000000 0.000000 0.000000 0.000000 0.000000 0.000000
0.000000 0.000000 0.000000 0.000000 0.000000 0.000000 0.000000 0.000000 0.000000 0.000000 0.000000 0.000000 0.000000 0.000000 0.000000 0.000000 0.176471 0.474510 0.611765 0.996078 0.913725 0.427451 0.000000 0.000000 0.000000 0.000000 0.000000 0.000000
0.000000 0.000000 0.000000 0.000000 0.000000 0.000000 0.000000 0.000000 0.000000 0.000000 0.000000 0.000000 0.000000 0.000000 0.000000 0.403922 0.964706 0.992157 0.992157 0.992157 0.992157 0.886275 0.000000 0.000000 0.000000 0.000000 0.000000 0.000000
0.000000 0.000000 0.000000 0.000000 0.000000 0.000000 0.000000 0.000000 0.000000 0.000000 0.000000 0.000000 0.000000 0.000000 0.619608 0.933333 0.992157 0.992157 0.992157 0.992157 0.992157 0.980392 0.847059 0.000000 0.000000 0.000000 0.000000 0.000000
0.000000 0.000000 0.000000 0.000000 0.000000 0.000000 0.000000 0.000000 0.000000 0.000000 0.000000 0.000000 0.019608 0.317647 0.996078 0.992157 0.992157 0.992157 0.741176 0.909804 0.992157 0.992157 0.941176 0.000000 0.000000 0.000000 0.000000 0.000000
0.000000 0.000000 0.000000 0.000000 0.000000 0.000000 0.000000 0.000000 0.000000 0.000000 0.000000 0.000000 0.470588 0.992157 0.996078 0.992157 0.894118 0.286275 0.043137 0.733333 0.992157 0.992157 0.941176 0.000000 0.000000 0.000000 0.000000 0.000000
0.000000 0.000000 0.000000 0.000000 0.000000 0.000000 0.000000 0.000000 0.000000 0.000000 0.035294 0.541176 0.886275 0.992157 0.996078 0.901961 0.215686 0.000000 0.000000 0.733333 0.992157 0.992157 0.827451 0.000000 0.000000 0.000000 0.000000 0.000000
0.000000 0.000000 0.000000 0.000000 0.000000 0.000000 0.000000 0.000000 0.000000 0.000000 0.243137 0.992157 0.992157 0.992157 0.839216 0.207843 0.000000 0.000000 0.043137 0.776471 0.992157 0.976471 0.352941 0.000000 0.000000 0.000000 0.000000 0.000000
0.000000 0.000000 0.000000 0.000000 0.000000 0.000000 0.000000 0.000000 0.000000 0.470588 0.878431 0.992157 0.992157 0.992157 0.000000 0.000000 0.000000 0.000000 0.266667 0.992157 0.992157 0.886275 0.000000 0.000000 0.000000 0.000000 0.000000 0.000000
0.000000 0.000000 0.000000 0.000000 0.000000 0.000000 0.000000 0.000000 0.156863 0.886275 0.992157 0.992157 0.933333 0.419608 0.000000 0.000000 0.000000 0.000000 0.266667 0.992157 0.992157 0.886275 0.000000 0.000000 0.000000 0.000000 0.000000 0.000000
0.000000 0.000000 0.000000 0.000000 0.000000 0.000000 0.000000 0.168627 0.647059 0.992157 0.992157 0.937255 0.196078 0.000000 0.000000 0.000000 0.000000 0.000000 0.266667 0.992157 0.992157 0.886275 0.000000 0.000000 0.000000 0.000000 0.000000 0.000000
0.000000 0.000000 0.000000 0.000000 0.000000 0.000000 0.000000 0.564706 0.996078 0.996078 0.921569 0.192157 0.000000 0.000000 0.000000 0.000000 0.000000 0.000000 0.266667 0.996078 1.000000 0.894118 0.000000 0.000000 0.000000 0.000000 0.000000 0.000000
0.000000 0.000000 0.000000 0.000000 0.000000 0.000000 0.572549 0.984314 0.992157 0.992157 0.611765 0.000000 0.000000 0.000000 0.000000 0.000000 0.000000 0.000000 0.486275 0.992157 0.992157 0.388235 0.000000 0.000000 0.000000 0.000000 0.000000 0.000000
0.000000 0.000000 0.000000 0.000000 0.000000 0.156863 0.929412 0.992157 0.992157 0.607843 0.031373 0.000000 0.000000 0.000000 0.000000 0.000000 0.000000 0.000000 0.788235 0.992157 0.992157 0.364706 0.000000 0.000000 0.000000 0.000000 0.000000 0.000000
0.000000 0.000000 0.000000 0.000000 0.000000 0.584314 0.992157 0.992157 0.909804 0.176471 0.000000 0.000000 0.000000 0.000000 0.000000 0.000000 0.000000 0.270588 0.960784 0.992157 0.858824 0.058824 0.000000 0.000000 0.000000 0.000000 0.000000 0.000000
0.000000 0.000000 0.000000 0.000000 0.125490 0.956863 0.992157 0.992157 0.317647 0.000000 0.000000 0.000000 0.000000 0.000000 0.000000 0.000000 0.000000 0.733333 0.992157 0.992157 0.419608 0.000000 0.000000 0.000000 0.000000 0.000000 0.000000 0.000000
0.000000 0.000000 0.000000 0.000000 0.474510 0.992157 0.992157 0.760784 0.054902 0.000000 0.000000 0.000000 0.000000 0.000000 0.000000 0.090196 0.407843 0.952941 0.992157 0.992157 0.313726 0.000000 0.000000 0.000000 0.000000 0.000000 0.000000 0.000000
0.000000 0.000000 0.000000 0.000000 0.400000 0.984314 0.992157 0.894118 0.266667 0.074510 0.050980 0.000000 0.000000 0.000000 0.160784 0.509804 0.992157 0.992157 0.952941 0.447059 0.098039 0.000000 0.000000 0.000000 0.000000 0.000000 0.000000 0.000000
0.000000 0.000000 0.000000 0.000000 0.000000 0.568627 0.980392 0.992157 0.992157 0.800000 0.741176 0.631373 0.631373 0.631373 1.000000 0.992157 0.992157 0.960784 0.650980 0.000000 0.000000 0.000000 0.000000 0.000000 0.000000 0.000000 0.000000 0.000000
0.000000 0.000000 0.000000 0.000000 0.000000 0.000000 0.847059 0.984314 0.992157 0.992157 0.992157 0.992157 0.992157 0.992157 1.000000 0.968627 0.941176 0.364706 0.000000 0.000000 0.000000 0.000000 0.000000 0.000000 0.000000 0.000000 0.000000 0.000000
0.000000 0.000000 0.000000 0.000000 0.000000 0.000000 0.000000 0.400000 0.470588 0.470588 0.549020 0.992157 0.992157 0.992157 0.474510 0.270588 0.000000 0.000000 0.000000 0.000000 0.000000 0.000000 0.000000 0.000000 0.000000 0.000000 0.000000 0.000000
0.000000 0.000000 0.000000 0.000000 0.000000 0.000000 0.000000 0.000000 0.000000 0.000000 0.000000 0.000000 0.000000 0.000000 0.000000 0.000000 0.000000 0.000000 0.000000 0.000000 0.000000 0.000000 0.000000 0.000000 0.000000 0.000000 0.000000 0.000000
0.000000 0.000000 0.000000 0.000000 0.000000 0.000000 0.000000 0.000000 0.000000 0.000000 0.000000 0.000000 0.000000 0.000000 0.000000 0.000000 0.000000 0.000000 0.000000 0.000000 0.000000 0.000000 0.000000 0.000000 0.000000 0.000000 0.000000 0.000000
0.000000 0.000000 0.000000 0.000000 0.000000 0.000000 0.000000 0.000000 0.000000 0.000000 0.000000 0.000000 0.000000 0.000000 0.000000 0.000000 0.000000 0.000000 0.000000 0.000000 0.000000 0.000000 0.000000 0.000000 0.000000 0.000000 0.000000 0.000000
0.000000 0.000000 0.000000 0.000000 0.000000 0.000000 0.000000 0.000000 0.000000 0.000000 0.000000 0.000000 0.000000 0.000000 0.000000 0.000000 0.000000 0.000000 0.000000 0.000000 0.000000 0.000000 0.000000 0.000000 0.000000 0.000000 0.000000 0.000000